1000
500
248 740
224 696
292 194
173 850
441 174
342 842
535 264
816 401
156 275
623 571
306 555
545 615
130 182
385 250
821 774
565 148
381 662
929 947
903 139
327 759
12 709
663 654
16 718
380 656
418 850
103 125
645 784
592 398
583 632
586 690
904 189
263 114
173 189
764 815
566 302
861 218
796 619
44 644
96 880
630 823
823 746
974 613
106 659
591 719
462 684
108 625
582 955
730 140
146 488
345 948
602 450
38 699
499 288
757 117
142 141
581 886
149 755
124 329
991 155
197 427
646 427
110 927
591 593
295 434
402 440
296 58
67 304
747 427
408 739
618 586
491 685
642 277
594 772
216 402
878 41
530 120
833 588
65 603
635 415
213 652
166 492
626 920
520 680
570 72
698 172
292 17
215 954
915 108
175 869
530 793
541 876
174 543
677 304
292 495
385 524
669 899
550 573
814 680
723 881
557 291
898 893
682 588
890 409
434 244
564 759
818 60
260 709
106 193
347 119
119 507
91 744
309 493
786 946
189 546
10 468
612 885
656 915
540 233
596 77
391 227
784 562
216 61
357 147
229 780
203 448
418 373
895 460
407 739
921 820
158 324
614 560
637 709
740 593
931 258
380 164
209 50
213 269
869 555
815 824
375 698
188 883
678 966
982 848
467 622
429 506
137 655
575 534
930 226
37 220
694 30
28 510
704 226
881 817
233 61
193 89
73 858
136 889
626 918
40 803
384 340
364 493
854 779
669 22
483 958
325 967
981 516
362 908
84 177
405 245
74 237
948 624
545 548
229 338
839 765
724 550
518 310
671 677
350 233
639 983
214 336
194 408
24 750
639 942
94 545
289 2
474 338
880 597
642 575
772 277
667 340
427 801
853 933
413 57
744 919
967 329
973 240
893 527
64 667
387 987
28 952
621 711
288 380
453 503
441 965
421 859
776 73
814 291
373 520
240 114
164 574
403 533
767 301
22 182
188 195
637 140
721 704
912 869
453 51
402 791
184 421
488 180
910 998
515 316
687 902
454 127
587 535
436 859
69 833
68 402
29 398
391 592
626 88
724 380
216 335
201 237
270 863
100 671
587 441
666 125
867 57
945 89
764 664
289 826
742 131
105 93
762 940
919 24
897 608
39 787
833 280
592 872
332 195
810 476
873 100
373 830
143 480
487 631
991 499
924 211
882 403
91 335
875 549
694 603
613 679
426 43
176 70
288 216
625 1
987 612
447 502
778 262
677 347
977 258
181 567
35 813
209 146
107 848
632 786
460 594
15 7
340 739
126 954
200 886
869 849
653 735
462 238
227 510
324 50
662 650
717 836
592 761
908 998
353 991
914 809
928 981
574 439
359 108
642 474
586 218
944 756
184 908
685 38
566 989
869 197
680 126
367 265
529 135
90 352
612 532
608 843
620 771
618 575
641 325
228 79
828 571
427 952
310 604
660 157
148 836
23 612
749 414
371 184
518 342
27 280
326 112
914 713
950 301
475 463
236 671
469 282
888 98
53 886
645 166
244 987
292 746
890 799
246 116
354 288
505 510
920 839
285 547
345 609
143 858
98 600
310 66
188 889
924 975
22 223
158 883
603 448
592 672
574 14
131 5
947 337
401 96
432 531
402 828
956 485
391 291
902 464
919 373
593 78
601 401
927 305
705 378
452 596
374 590
804 193
252 500
863 155
621 44
387 78
709 516
883 963
390 471
232 216
937 560
133 623
86 64
55 462
494 220
812 319
167 35
3 257
576 887
821 167
550 89
770 182
822 882
271 197
571 295
358 768
890 540
871 134
285 749
390 237
853 849
21 569
539 728
291 572
657 398
157 395
612 224
28 461
548 839
879 170
872 915
946 945
660 561
111 514
68 424
309 621
229 648
422 131
794 20
949 724
701 370
983 696
662 233
1 282
977 938
475 1
427 42
660 89
13 582
6 35
580 152
883 824
424 106
975 155
971 216
416 511
269 851
956 990
366 155
762 693
619 372
140 340
413 108
18 458
302 436
251 568
933 254
880 37
124 118
185 858
848 411
364 415
272 456
43 566
818 822
6 725
339 973
33 738
742 106
542 291
766 827
86 51
279 537
996 596
370 221
563 289
935 494
626 666
48 746
292 774
387 323
893 628
353 516
322 507
293 52
608 275
999 402
831 483
433 370
320 893
321 126
237 326
249 73
425 178
211 688
760 568
945 538
511 329
532 649
791 95
220 218
590 316
247 449
583 0
789 376
171 696
27 186
344 219
310 851
985 614
803 891
582 194
564 834
109 740
